Data,hora,Temp,Umidade,Pressao,CO2,VPar,PAR
27/03/25,00:00:16,25.3,73.2,942.6,640,0.31,0.0
27/03/25,00:05:16,25.3,73.2,942.6,633,0.31,0.0
27/03/25,00:10:16,25.1,68.5,942.5,642,0.31,0.0
27/03/25,00:15:16,24.5,63.0,942.5,632,0.31,0.0
27/03/25,00:20:16,24.5,70.4,942.4,634,0.31,0.0
27/03/25,00:25:16,24.5,73.9,942.5,634,0.31,0.0
27/03/25,00:30:16,24.6,75.5,942.5,637,0.31,0.0
27/03/25,00:35:16,24.5,76.9,942.4,630,0.31,0.0
27/03/25,00:40:16,24.6,76.8,942.4,629,0.31,0.0
27/03/25,00:45:16,24.6,76.4,942.4,625,0.31,0.0
27/03/25,00:50:16,24.7,75.6,942.4,633,0.31,0.0
27/03/25,00:55:16,24.8,75.0,942.4,631,0.31,0.0
27/03/25,01:00:16,24.8,74.7,942.3,636,0.31,0.0
27/03/25,01:05:16,24.9,74.3,942.3,635,0.31,0.0
27/03/25,01:10:16,25.0,74.0,942.2,627,0.31,0.0
27/03/25,01:15:16,24.9,73.8,942.2,624,0.31,0.0
27/03/25,01:20:16,25.0,73.5,942.2,628,0.31,0.0
27/03/25,01:25:15,25.0,73.4,942.1,628,0.31,0.0
27/03/25,01:30:15,25.2,73.0,942.2,631,0.31,0.0
27/03/25,01:35:15,25.1,72.9,942.1,621,0.31,0.0
27/03/25,01:40:15,25.2,72.7,942.0,623,0.31,0.0
27/03/25,01:45:15,25.2,72.5,942.0,630,0.31,0.0
27/03/25,01:50:15,25.2,72.4,942.0,624,0.31,0.0
27/03/25,01:55:15,25.2,72.3,942.0,621,0.31,0.0
27/03/25,02:00:15,24.7,61.7,941.9,622,0.31,0.0
27/03/25,02:05:15,24.5,66.9,941.9,614,0.31,0.0
27/03/25,02:10:15,24.5,71.7,941.8,625,0.31,0.0
27/03/25,02:15:15,24.5,74.3,941.9,628,0.31,0.0
27/03/25,02:20:15,24.5,75.5,941.9,633,0.31,0.0
27/03/25,02:25:15,24.5,76.1,941.9,624,0.31,0.0
27/03/25,02:30:15,24.6,75.7,941.8,620,0.31,0.0
27/03/25,02:35:15,24.7,74.8,941.8,621,0.31,0.0
27/03/25,02:40:15,24.7,74.5,941.8,624,0.31,0.0
27/03/25,02:45:15,24.8,74.0,941.8,627,0.31,0.0
27/03/25,02:50:15,24.9,73.5,941.8,631,0.31,0.0
27/03/25,02:55:15,24.9,73.3,941.8,621,0.31,0.0
27/03/25,03:00:15,24.9,73.1,941.7,627,0.31,0.0
27/03/25,03:05:15,25.0,72.7,941.5,618,0.31,0.0
27/03/25,03:10:15,25.0,72.5,941.5,619,0.31,0.0
27/03/25,03:15:15,25.0,72.5,941.6,618,0.31,0.0
27/03/25,03:20:15,25.1,72.2,941.5,625,0.31,0.0
27/03/25,03:25:15,25.1,71.9,941.5,618,0.31,0.0
27/03/25,03:30:15,25.2,71.8,941.4,620,0.31,0.0
27/03/25,03:35:15,25.1,71.8,941.3,617,0.31,0.0
27/03/25,03:40:15,25.2,71.8,941.3,622,0.31,0.0
27/03/25,03:45:15,25.2,71.4,941.3,624,0.31,0.0
27/03/25,03:50:15,25.2,71.5,941.3,627,0.31,0.0
27/03/25,03:55:15,25.3,71.1,941.3,619,0.31,0.0
27/03/25,04:00:15,25.3,70.9,941.4,626,0.31,0.0
27/03/25,04:05:15,25.3,70.9,941.5,624,0.31,0.0
27/03/25,04:10:15,25.1,64.8,941.5,617,0.31,0.0
27/03/25,04:15:15,24.6,64.6,941.4,622,0.31,0.0
27/03/25,04:20:15,24.6,70.0,941.5,619,0.31,0.0
27/03/25,04:25:14,24.6,72.6,941.6,621,0.31,0.0
27/03/25,04:30:14,24.6,74.1,941.7,633,0.31,0.0
27/03/25,04:35:14,24.6,74.6,941.7,622,0.31,0.0
27/03/25,04:40:14,24.7,74.2,941.7,626,0.31,0.0
27/03/25,04:45:14,24.8,73.3,941.7,633,0.31,0.0
27/03/25,04:50:14,24.8,73.0,941.8,624,0.31,0.0
27/03/25,04:55:14,24.9,72.4,941.7,621,0.31,0.0
27/03/25,05:00:14,24.9,72.5,941.7,625,0.31,0.0
27/03/25,05:05:14,25.0,71.8,941.8,619,0.31,0.0
27/03/25,05:10:14,25.0,71.8,941.8,625,0.31,0.0
27/03/25,05:15:14,25.1,71.4,941.9,622,0.31,0.0
27/03/25,05:20:14,25.0,71.7,941.9,631,0.31,0.0
27/03/25,05:25:14,25.1,71.0,941.9,620,0.31,0.0
27/03/25,05:30:14,25.1,71.2,942.0,631,0.31,0.0
27/03/25,05:35:14,25.2,70.7,942.0,630,0.31,0.0
27/03/25,05:40:14,25.1,71.0,942.1,625,0.31,0.0
27/03/25,05:45:14,25.2,70.5,942.2,626,0.31,0.0
27/03/25,05:50:14,25.2,70.7,942.2,629,0.31,0.0
27/03/25,05:55:14,25.3,70.1,942.2,629,0.31,0.0
27/03/25,06:00:14,26.7,63.7,942.3,627,0.31,0.0
27/03/25,06:05:14,27.1,50.3,942.3,617,0.31,0.0
27/03/25,06:10:14,27.8,56.8,942.3,607,0.31,0.0
27/03/25,06:15:14,27.8,48.3,942.4,606,0.31,0.0
27/03/25,06:20:14,28.0,52.1,942.5,612,0.31,0.0
27/03/25,06:25:14,28.3,51.1,942.6,609,0.30,0.0
27/03/25,06:30:14,27.9,47.1,942.5,607,0.30,0.0
27/03/25,06:35:14,28.4,54.7,942.6,608,0.30,0.0
27/03/25,06:40:14,28.1,46.1,942.7,609,0.30,0.0
27/03/25,06:45:14,28.2,53.2,942.8,604,0.30,0.0
27/03/25,06:50:14,28.4,47.5,942.9,609,0.30,0.0
27/03/25,06:55:14,28.3,48.2,943.0,601,0.30,0.0
27/03/25,07:00:14,28.6,54.3,943.1,613,0.30,0.0
27/03/25,07:05:14,28.3,44.1,943.1,607,0.31,0.0
27/03/25,07:10:14,28.4,52.8,943.2,603,0.30,0.0
27/03/25,07:15:14,28.3,44.9,943.3,608,0.30,0.0
27/03/25,07:20:14,28.3,49.2,943.3,601,0.30,0.0
27/03/25,07:25:13,28.4,50.2,943.3,604,0.30,0.0
27/03/25,07:30:13,28.2,45.5,943.4,599,0.30,0.0
27/03/25,07:35:13,28.5,52.9,943.5,606,0.30,0.0
27/03/25,07:40:13,28.4,44.0,943.5,610,0.31,0.0
27/03/25,07:45:13,28.5,51.4,943.6,600,0.30,0.0
27/03/25,07:50:13,28.6,46.5,943.7,615,0.30,0.0
27/03/25,07:55:13,28.5,47.1,943.7,606,0.30,0.0
27/03/25,08:00:13,28.5,53.1,943.7,614,0.30,0.0
27/03/25,08:05:13,28.4,43.3,943.7,604,0.30,0.0
27/03/25,08:10:13,28.5,52.0,943.8,605,0.30,0.0
27/03/25,08:15:13,28.4,44.9,943.8,606,0.30,0.0
27/03/25,08:20:13,28.4,48.8,944.0,606,0.30,0.0
27/03/25,08:25:13,28.5,48.5,944.0,603,0.31,0.0
27/03/25,08:30:13,28.2,44.0,944.0,601,0.30,0.0
27/03/25,08:35:13,28.6,52.1,944.1,597,0.30,0.0
27/03/25,08:40:13,28.5,43.5,944.2,599,0.30,0.0
27/03/25,08:45:13,28.4,50.8,944.3,603,0.30,0.0
27/03/25,08:50:13,28.5,45.7,944.3,600,0.30,0.0
27/03/25,08:55:13,28.2,46.0,944.3,598,0.30,0.0
27/03/25,09:00:13,28.7,52.1,944.4,601,0.30,0.0
27/03/25,09:05:13,28.3,41.9,944.3,597,0.30,0.0
27/03/25,09:10:13,28.5,51.3,944.4,596,0.31,0.0
27/03/25,09:15:13,28.4,44.0,944.3,590,0.30,0.0
27/03/25,09:20:13,28.5,46.9,944.3,599,0.30,0.0
27/03/25,09:25:13,28.5,47.5,944.3,598,0.30,0.0
27/03/25,09:30:13,28.2,44.5,944.3,601,0.30,0.0
27/03/25,09:35:13,28.7,51.6,944.3,596,0.30,0.0
27/03/25,09:40:13,28.6,43.4,944.3,596,0.30,0.0
27/03/25,09:45:13,28.4,50.8,944.3,590,0.30,0.0
27/03/25,09:50:13,28.4,44.9,944.3,595,0.30,0.0
27/03/25,09:55:13,28.4,46.7,944.4,592,0.31,0.0
27/03/25,10:00:13,28.8,52.2,944.4,601,0.30,0.0
27/03/25,10:05:13,27.8,34.0,944.3,598,0.30,0.0
27/03/25,10:10:13,28.0,48.3,944.5,591,0.30,0.0
27/03/25,10:15:13,28.1,46.4,944.4,594,0.30,0.0
27/03/25,10:20:12,28.0,46.8,944.4,590,0.31,0.0
27/03/25,10:25:12,28.5,52.8,944.3,592,0.30,0.0
27/03/25,10:30:12,28.0,42.9,944.3,592,0.31,0.0
27/03/25,10:35:12,28.4,51.4,944.2,592,0.30,0.0
27/03/25,10:40:12,28.2,40.0,944.1,594,0.30,0.0
27/03/25,10:45:12,27.8,43.1,944.1,589,0.31,0.0
27/03/25,10:50:12,28.2,51.5,944.0,594,0.31,0.0
27/03/25,10:55:12,27.4,34.8,943.9,586,0.31,0.0
27/03/25,11:00:12,27.6,49.4,943.9,586,0.31,0.0
27/03/25,11:05:12,27.9,48.8,943.8,589,0.31,0.0
27/03/25,11:10:12,27.2,39.0,943.8,579,0.31,0.0
27/03/25,11:15:12,27.7,50.9,943.8,590,0.31,0.0
27/03/25,11:20:12,28.1,48.5,943.7,589,0.31,0.0
27/03/25,11:25:12,27.3,38.2,943.5,579,0.31,0.0
27/03/25,11:30:12,27.7,50.6,943.4,581,0.31,0.0
27/03/25,11:35:12,28.0,47.4,943.4,588,0.31,0.0
27/03/25,11:40:12,27.5,41.2,943.2,583,0.31,0.0
27/03/25,11:45:12,27.7,52.1,943.1,583,0.31,0.0
27/03/25,11:50:12,27.6,41.6,943.0,581,0.31,0.0
27/03/25,11:55:12,27.5,46.2,942.9,578,0.31,0.0
27/03/25,12:00:12,27.9,53.5,942.9,579,0.31,0.0
27/03/25,12:05:12,27.4,39.1,942.7,586,0.31,0.0
27/03/25,12:10:12,27.6,47.0,942.7,580,0.31,0.0
27/03/25,12:15:12,28.1,53.8,942.6,580,0.31,0.0
27/03/25,12:20:12,27.6,37.6,942.5,583,0.31,0.0
27/03/25,12:25:12,27.7,48.6,942.5,582,0.31,0.0
27/03/25,12:30:12,28.0,53.1,942.3,590,0.31,0.0
27/03/25,12:35:12,27.4,37.0,942.2,580,0.31,0.0
27/03/25,12:40:12,27.7,50.8,942.1,599,0.31,0.0
27/03/25,12:45:12,27.6,41.3,942.0,644,0.31,0.0
27/03/25,12:50:12,27.3,46.8,942.0,681,0.31,0.0
27/03/25,12:55:12,27.9,53.6,941.9,688,0.31,0.0
27/03/25,13:00:12,27.5,39.4,941.8,679,0.31,0.0
27/03/25,13:05:12,27.4,46.7,941.7,673,0.31,0.0
27/03/25,13:10:12,27.9,54.8,941.7,668,0.31,0.0
27/03/25,13:15:12,27.5,38.7,941.5,657,0.30,0.0
27/03/25,13:20:11,27.6,47.3,941.5,647,0.31,0.0
27/03/25,13:25:11,28.1,53.5,941.4,652,0.30,0.0
27/03/25,13:30:11,27.4,38.4,941.3,647,0.31,0.0
27/03/25,13:35:11,27.6,48.4,941.2,649,0.31,0.0
27/03/25,13:40:11,28.1,54.2,941.1,646,0.31,0.0
27/03/25,13:45:11,27.4,37.7,940.9,637,0.31,0.0
27/03/25,13:50:11,27.5,47.1,940.9,641,0.31,0.0
27/03/25,13:55:11,27.9,54.6,940.9,645,0.31,0.0
27/03/25,14:00:11,27.4,37.7,940.7,643,0.31,0.0
27/03/25,14:05:11,27.4,45.7,940.7,634,0.31,0.0
27/03/25,14:10:11,27.7,53.8,940.7,637,0.31,0.0
27/03/25,14:15:11,27.3,39.2,940.6,626,0.31,0.0
27/03/25,14:20:11,27.4,47.2,940.5,625,0.31,0.0
27/03/25,14:25:11,28.0,53.4,940.5,631,0.31,0.0
27/03/25,14:30:11,27.5,39.8,940.4,626,0.31,0.0
27/03/25,14:35:11,28.1,42.7,940.4,626,0.31,0.0
27/03/25,14:40:11,28.7,59.1,940.4,631,0.31,0.0
27/03/25,14:45:11,29.1,60.3,940.3,629,0.30,0.0
27/03/25,14:50:11,29.6,59.9,940.3,637,0.30,0.0
27/03/25,14:55:11,29.3,44.7,940.2,631,0.30,0.0
27/03/25,15:00:11,28.9,47.7,940.2,625,0.30,0.0
27/03/25,15:05:11,29.3,51.8,940.2,627,0.30,0.0
27/03/25,15:10:11,28.3,35.4,940.1,619,0.30,0.0
27/03/25,15:15:11,28.5,50.3,940.2,618,0.30,0.0
27/03/25,15:20:11,28.4,44.0,940.1,616,0.31,0.0
27/03/25,15:25:11,28.3,50.0,940.0,617,0.30,0.0
27/03/25,15:30:11,28.5,47.1,940.0,620,0.30,0.0
27/03/25,15:35:11,28.3,47.3,939.9,611,0.30,0.0
27/03/25,15:40:11,28.7,53.5,939.8,614,0.30,0.0
27/03/25,15:45:11,28.4,43.2,939.8,610,0.30,0.0
27/03/25,15:50:11,28.5,51.7,939.8,607,0.30,0.0
27/03/25,15:55:11,28.4,45.9,939.8,600,0.30,0.0
27/03/25,16:00:11,28.4,49.4,939.9,605,0.30,0.0
27/03/25,16:05:11,28.7,52.1,939.8,610,0.30,0.0
27/03/25,16:10:11,28.3,43.3,939.7,606,0.30,0.0
27/03/25,16:15:11,28.7,52.7,939.8,602,0.30,0.0
27/03/25,16:20:10,28.1,36.9,939.7,607,0.30,0.0
27/03/25,16:25:10,28.2,44.9,939.7,600,0.30,0.0
27/03/25,16:30:10,28.1,44.9,939.6,601,0.30,0.0
27/03/25,16:35:10,27.3,41.3,939.7,598,0.31,0.0
27/03/25,16:40:10,28.0,50.8,939.7,598,0.31,0.0
27/03/25,16:45:10,27.4,39.0,939.7,594,0.31,0.0
27/03/25,16:50:10,27.4,44.2,939.7,597,0.31,0.0
27/03/25,16:55:10,27.9,52.4,939.8,597,0.31,0.0
27/03/25,17:00:10,27.7,46.5,939.8,599,0.31,0.0
27/03/25,17:05:10,27.9,50.7,939.9,605,0.31,0.0
27/03/25,17:10:10,28.4,52.7,939.9,605,0.30,0.0
27/03/25,17:15:10,28.0,43.9,940.0,601,0.31,0.0
27/03/25,17:20:10,28.4,52.8,940.1,609,0.30,0.0
27/03/25,17:25:10,28.4,44.1,940.0,605,0.30,0.0
27/03/25,17:30:10,28.3,50.3,940.0,608,0.30,0.0
27/03/25,17:35:10,28.4,47.3,940.1,610,0.30,0.0
27/03/25,17:40:10,28.2,46.4,940.1,605,0.30,0.0
27/03/25,17:45:10,28.5,53.4,940.1,611,0.30,0.0
27/03/25,17:50:10,28.1,43.4,940.2,608,0.30,0.0
27/03/25,17:55:10,28.4,50.8,940.2,607,0.30,0.0
27/03/25,18:00:10,28.5,44.2,940.1,601,0.30,0.0
27/03/25,18:05:10,28.4,47.2,940.1,607,0.30,0.0
27/03/25,18:10:10,28.6,49.9,940.1,598,0.30,0.0
27/03/25,18:15:10,28.3,43.2,940.1,604,0.30,0.0
27/03/25,18:20:10,28.7,51.6,940.3,601,0.30,0.0
27/03/25,18:25:10,28.7,44.4,940.3,651,0.30,0.0
27/03/25,18:30:10,28.6,51.9,940.3,797,0.30,0.0
27/03/25,18:35:10,28.9,46.0,940.4,814,0.31,0.0
27/03/25,18:40:10,28.5,46.3,940.4,800,0.30,0.0
27/03/25,18:45:10,28.9,52.8,940.5,784,0.30,0.0
27/03/25,18:50:10,28.4,42.4,940.4,771,0.30,0.0
27/03/25,18:55:10,28.6,50.9,940.5,755,0.30,0.0
27/03/25,19:00:10,28.5,43.1,940.4,743,0.30,0.0
27/03/25,19:05:10,28.5,47.1,940.5,734,0.30,0.0
27/03/25,19:10:10,28.8,48.6,940.6,728,0.30,0.0
27/03/25,19:15:10,28.2,44.3,940.6,720,0.30,0.0
27/03/25,19:20:09,28.6,52.2,940.7,711,0.31,0.0
27/03/25,19:25:09,28.4,43.7,940.8,703,0.30,0.0
27/03/25,19:30:09,28.6,49.6,940.8,699,0.30,0.0
27/03/25,19:35:09,28.6,45.2,940.9,693,0.30,0.0
27/03/25,19:40:09,28.3,46.6,940.9,681,0.30,0.0
27/03/25,19:45:09,28.8,52.2,941.0,684,0.30,0.0
27/03/25,19:50:09,28.3,42.3,941.0,674,0.30,0.0
27/03/25,19:55:09,28.5,50.6,941.0,667,0.31,0.0
27/03/25,20:00:09,26.8,47.6,941.1,659,0.30,0.0
27/03/25,20:05:09,25.9,54.6,941.1,669,0.30,0.0
27/03/25,20:10:09,25.4,62.4,941.2,670,0.31,0.0
27/03/25,20:15:09,25.5,65.4,941.3,664,0.31,0.0
27/03/25,20:20:09,25.1,69.5,941.4,667,0.31,0.0
27/03/25,20:25:09,25.2,70.3,941.4,662,0.31,0.0
27/03/25,20:30:09,25.0,72.5,941.4,661,0.31,0.0
27/03/25,20:35:09,25.1,72.5,941.5,655,0.31,0.0
27/03/25,20:40:09,24.9,74.2,941.6,664,0.31,0.0
27/03/25,20:45:09,25.1,73.1,941.6,652,0.31,0.0
27/03/25,20:50:09,25.0,73.8,941.6,655,0.31,0.0
27/03/25,20:55:09,25.2,72.8,941.6,651,0.31,0.0
27/03/25,21:00:09,24.9,74.1,941.7,655,0.31,0.0
27/03/25,21:05:09,25.1,72.7,941.7,652,0.31,0.0
27/03/25,21:10:09,25.0,73.0,941.7,641,0.31,0.0
27/03/25,21:15:09,25.2,72.1,941.8,644,0.31,0.0
27/03/25,21:20:09,25.0,72.6,941.8,645,0.31,0.0
27/03/25,21:25:09,25.3,71.3,941.9,637,0.31,0.0
27/03/25,21:30:09,25.1,71.8,942.0,640,0.31,0.0
27/03/25,21:35:09,25.3,71.0,942.0,641,0.31,0.0
27/03/25,21:40:09,25.1,71.5,942.0,633,0.31,0.0
27/03/25,21:45:09,25.4,70.4,942.0,631,0.31,0.0
27/03/25,21:50:09,25.2,71.1,942.1,632,0.31,0.0
27/03/25,21:55:09,25.4,70.3,942.1,636,0.31,0.0
27/03/25,22:00:09,25.2,70.8,942.1,630,0.31,0.0
27/03/25,22:05:09,25.4,69.9,942.1,635,0.31,0.0
27/03/25,22:10:09,25.2,68.4,942.0,632,0.31,0.0
27/03/25,22:15:08,24.8,58.0,942.0,627,0.31,0.0
27/03/25,22:20:08,24.5,67.2,942.1,632,0.31,0.0
27/03/25,22:25:08,24.7,70.4,942.1,627,0.31,0.0
27/03/25,22:30:08,24.4,73.7,942.2,626,0.31,0.0
27/03/25,22:35:08,24.7,73.0,942.3,629,0.31,0.0
27/03/25,22:40:08,24.6,74.0,942.3,631,0.31,0.0
27/03/25,22:45:08,24.8,72.3,942.3,635,0.31,0.0
27/03/25,22:50:08,24.7,72.5,942.3,628,0.31,0.0
27/03/25,22:55:08,24.9,71.2,942.3,632,0.31,0.0
27/03/25,23:00:08,24.7,71.8,942.3,633,0.31,0.0
27/03/25,23:05:08,25.0,70.4,942.3,632,0.31,0.0
27/03/25,23:10:08,24.9,70.7,942.3,630,0.31,0.0
27/03/25,23:15:08,25.1,69.6,942.3,621,0.31,0.0
27/03/25,23:20:08,24.9,70.2,942.3,623,0.31,0.0
27/03/25,23:25:08,25.2,68.9,942.4,630,0.31,0.0
27/03/25,23:30:08,25.0,69.4,942.3,626,0.31,0.0
27/03/25,23:35:08,25.2,68.5,942.3,627,0.31,0.0
27/03/25,23:40:08,24.9,69.3,942.3,626,0.31,0.0
27/03/25,23:45:08,25.3,67.9,942.3,629,0.31,0.0
27/03/25,23:50:08,25.1,68.4,942.2,629,0.31,0.0
27/03/25,23:55:08,25.3,67.5,942.2,625,0.31,0.0
